0
0
0
0
0
0
0
0
0
0
0
0
0
0
0
0
0
0
0
0
0
0
0
0
0
0
0
0
0
0
0
0
0
2
0
0
0
0
0
0
0
0
0
0
0
1
0
0
0
0
0
0
0
0
0
0
0
0
0
0
0
0
0
0
0
0
0
0
0
0
0
1
0
0
0
0
0
0
0
0
0
0
0
0
0
0
0
0
0
0
0
0
1
0
0
0
0
0
1
0
0
1
0
0
0
0
0
0
0
0
0
0
0
0
0
0
0
0
0
0
0
0
0
0
0
1
0
0
0
0
0
0
0
0
0
1
2
0
0
1
0
3
1
1
0
0
0
0
1
2
0
0
0
0
2
1
0
0
0
0
0
0
0
0
0
0
0
1
0
1
0
0
0
0
0
1
0
0
0
0
0
0
0
0
0
0
0
0
0
3
0
0
0
0
0
2
0
0
0
0
0
0
1
0
1
2
1
0
0
1
0
0
0
0
0
0
4
1
2
1
0
0
0
2
0
4
2
0
0
0
3
2
3
0
0
0
0
1
0
0
1
2
0
0
0
1
1
1
0
0
0
0
0
0
1
1
0
0
0
0
0
5
3
0
0
1
0
3
0
9
2
0
1
1
0
0
1
0
0
3
1
1
2
2
0
0
0
2
2
0
1
0
2
2
1
4
4
1
3
1
8
0
0
7
0
0
0
0
2
3
2
2
2
2
7
3
0
0
0
0
0
0
0
0
4
0
0
0
0
1
3
3
2
0
0
3
4
1
1
1
0
0
0
1
1
3
0
0
0
1
1
5
1
0
0
0
3
7
18
4
4
0
0
3
4
0
12
5
2
0
0
2
8
4
4
0
0
5
0
8
1
9
0
1
2
15
4
13
1
2
0
5
2
5
2
5
0
3
0
2
2
11
6
0
0
5
7
6
3
0
0
0
1
14
3
1
1
1
0
11
3
7
6
0
0
0
6
2
6
6
9
0
0
3
6
10
1
12
0
0
7
22
0
2
4
0
0
13
4
1
11
3
0
0
13
9
15
7
4
0
0
6
11
8
1
14
0
0
11
17
6
17
2
0
0
0
16
10
2
7
1
0
6
7
3
2
17
0
0
3
7
16
5
9
0
3
15
4
8
7
4
15
0
9
1
3
10
38
0
0
2
2
5
4
0
12
5
7
14
12
2
6
4
9
10
17
5
11
4
5
0
10
8
6
15
4
0
0
44
11
8
15
14
0
9
5
6
17
11
12
0
2
4
27
7
3
20
6
3
40
13
15
11
5
4
6
16
17
27
6
17
0
0
8
19
8
24
1
2
0
10
1
29
9
9
2
6
27
15
3
17
0
0
5
4
3
3
1
11
0
1
35
8
5
4
9
6
0
9
16
8
10
15
0
3
26
9
13
9
6
0
0
10
8
54
11
9
4
11
15
16
10
30
8
1
0
25
42
62
28
13
0
6
10
12
17
8
18
1
4
44
27
39
2
4
0
0
10
12
27
27
14
5
17
30
19
2
15
10
0
1
43
24
16
31
8
0
13
26
8
10
13
1
2
0
7
6
4
20
8
0
0
9
14
21
12
7
2
0
29
16
5
22
10
0
7
36
14
11
32
14
0
8
14
30
14
14
5
0
1
13
3
28
29
26
1
0
14
22
21
39
15
3
0
21
30
60
23
20
1
2
17
22
8
18
21
7
9
7
13
25
26
8
2
0
16
7
26
24
22
1
6
6
19
19
39
20
3
8
18
23
10
29
8
0
6
34
22
69
30
13
1
8
9
25
16
32
24
0
3
14
4
17
1
17
0
1
17
93
17
38
15
9
8
17
8
1
12
20
0
22
20
35
23
35
55
0
13
25
14
39
40
27
2
17
32
16
40
25
52
10
3
85
33
13
17
29
7
2
39
42
47
15
60
0
3
9
71
41
33
66
13
7
50
20
50
20
25
10
0
24
26
98
18
31
1
38
51
27
24
64
25
30
9
17
54
26
79
14
3
0
68
23
22
43
26
0
4
31
48
46
17
32
0
0
28
35
33
27
24
0
17
8
11
24
22
26
8
0
6
30
50
6
20
2
3
31
36
28
62
26
9
20
96
4
16
23
14
0
0
15
21
24
28
36
3
0
51
52
43
38
17
0
2
20
58
47
49
55
19
0
43
16
47
74
17
6
0
61
24
20
69
31
5
0
15
34
45
95
10
5
0
10
37
28
100
58
0
8
24
44
46
87
19
6
5
16
34
43
18
37
0
15
30
24
21
30
8
10
0
28
66
29
39
52
11
10
35
42
48
55
62
23
1
22
35
108
51
53
10
0
28
66
51
37
33
15
21
59
22
9
19
28
0
0
54
42
28
52
24
2
0
43
41
45
64
15
0
0
25
10
51
30
10
21
8
15
7
19
71
23
0
9
49
39
32
88
29
8
7
35
64
30
5
82
12
0
87
23
53
58
30
0
0
43
45
69
12
14
7
38
17
78
86
28
33
7
1
44
44
49
134
78
11
0
48
28
60
44
49
0
3
94
50
69
86
62
28
22
47
91
107
61
36
32
5
78
107
46
121
48
26
10
50
107
90
23
53
2
44
80
30
48
80
63
43
1
50
73
64
119
19
0
0
125
37
27
6
21
13
34
39
162
71
38
20
14
6
124
21
52
81
54
27
14
31
31
69
32
92
23
15
84
35
55
64
75
16
1
49
26
79
59
45
13
13
45
91
20
51
92
0
46
55
69
84
118
73
4
14
34
72
16
34
113
16
4
53
83
21
56
61
0
12
76
49
74
64
64
30
42
67
66
20
79
96
39
8
93
51
88
100
84
27
13
27
90
61
51
48
6
11
75
81
76
59
164
11
37
71
133
47
41
41
15
12
96
76
105
37
73
12
10
173
87
60
33
31
0
0
83
39
39
59
21
0
0
134
83
79
66
20
7
41
44
18
81
40
81
14
0
38
26
64
24
61
15
7
70
14
50
53
77
0
35
45
101
60
59
84
23
0
53
126
17
60
49
8
46
81
73
80
42
64
0
2
28
38
106
48
80
22
12
98
114
89
29
74
0
21
111
134
160
49
62
0
16
60
120
139
37
100
17
24
35
80
76
80
69
8
9
45
52
139
146
63
6
0
94
40
48
77
152
8
18
88
94
145
104
75
17
36
166
58
54
45
30
24
7
107
45
63
93
123
18
24
141
108
162
118
88
3
23
44
64
29
35
38
13
37
0
70
177
28
15
9
1
91
73
26
65
79
0
0
21
81
69
60
94
0
0
33
68
134
67
54
14
0
113
115
148
165
45
19
12
20
166
140
159
30
9
2
105
140
122
53
131
16
6
33
142
93
128
104
20
30
72
88
74
95
178
26
0
66
85
48
35
49
14
10
65
120
161
98
46
21
25
79
179
63
141
235
2
0
60
142
35
70
59
20
43
121
82
103
76
7
25
6
70
68
60
125
75
29
25
63
182
61
58
68
32
33
75
106
26
54
128
25
13
78
163
7
110
77
0
12
76
56
146
33
82
18
18
60
54
120
48
194
16
25
94
53
41
119
43
41
52
17
69
12
79
99
11
77
112
202
108
83
146
4
45
75
35
89
242
40
20
11
81
72
180
148
72
72
32
48
67
175
97
164
22
0
53
120
57
111
50
16
1
85
36
81
135
50
2
29
137
91
113
56
58
0
12
103
128
130
134
134
32
18
65
37
179
49
123
12
30
88
175
74
156
71
19
11
60
65
148
82
69
30
23
166
51
138
167
98
16
11
80
87
73
99
121
27
2
101
59
88
138
127
16
70
66
181
134
120
153
9
19
119
106
109
58
133
6
106
119
141
209
165
101
13
113
150
65
201
155
136
51
18
180
84
89
152
138
0
64
142
212
74
169
111
15
47
79
149
405
140
104
3
62
211
115
61
56
71
40
65
84
219
192
91
114
14
40
105
93
67
131
29
37
2
104
146
30
84
97
12
21
186
142
185
93
96
41
40
161
90
92
217
134
0
72
201
112
141
182
85
47
96
92
158
92
204
171
18
72
77
108
4
32
31
22
22
95
54
0
31
93
2
12
203
154
22
75
87
1
52
130
83
111
165
83
32
0
42
103
74
103
168
1
1
92
105
115
134
98
27
46
294
116
127
60
212
4
0
103
62
207
116
58
51
6
67
117
87
142
225
28
26
87
112
51
161
22
7
109
63
144
145
145
138
3
52
186
126
96
76
128
25
50
127
173
49
101
118
35
10
73
147
183
169
26
20
12
145
86
90
42
193
37
5
84
102
152
147
163
2
18
115
52
63
187
117
13
48
65
273
80
141
23
37
28
123
53
226
68
117
20
22
152
163
64
143
94
27
71
133
126
152
58
128
63
30
99
92
132
151
96
11
88
114
145
118
113
130
15
29
182
183
149
129
111
42
32
262
130
170
118
101
14
0
172
243
100
123
168
35
46
282
215
207
86
101
60
9
179
138
202
171
117
63
16
248
150
150
161
219
9
21
127
34
61
230
67
18
30
176
190
238
205
246
58
55
195
154
148
277
173
126
39
146
212
98
152
63
14
3
111
248
257
104
235
0
128
163
126
120
92
137
0
14
83
110
42
27
139
8
0
84
89
135
153
142
27
20
191
96
255
136
179
10
8
253
125
157
175
116
36
1
57
164
173
141
117
5
13
160
183
139
126
91
10
33
110
153
147
159
100
8
3
173
254
87
131
93
58
3
178
121
272
47
170
55
43
129
161
176
181
170
0
11
180
349
80
172
48
153
36
54
119
149
218
89
28
0
84
236
222
258
131
14
13
206
215
92
118
298
30
62
231
123
260
142
156
11
14
462
200
136
178
87
53
39
118
118
257
263
196
48
44
310
300
66
0
77
0
56
115
51
104
100
26
0
0
31
65
200
150
189
15
10
381
93
160
62
101
81
40
140
156
154
87
60
7
11
110
130
88
241
146
55
0
215
210
91
104
81
23
4
146
177
249
155
27
16
8
103
57
263
121
140
44
36
165
111
170
162
67
52
0
175
152
139
186
181
13
33
129
69
168
236
204
51
47
109
128
164
63
162
24
9
172
84
175
210
256
9
2
50
114
54
156
60
77
0
146
69
104
42
49
30
136
57
83
185
69
137
52
2
87
231
99
194
134
32
37
130
150
126
160
56
0
24
55
112
119
150
122
16
68
148
169
163
129
174
23
19
183
162
210
96
166
34
16
128
172
201
165
156
37
36
102
233
90
213
327
27
30
186
197
180
137
165
18
4
89
174
85
221
99
27
57
144
96
403
146
163
24
21
170
221
98
154
201
34
0
187
284
130
226
171
48
37
239
150
120
70
75
44
43
122
316
190
117
96
38
101
127
72
131
225
96
21
35
95
75
144
180
126
35
54
253
172
32
145
131
3
20
87
165
97
117
47
12
14
112
285
226
116
397
13
25
267
291
217
184
208
30
0
107
122
63
178
169
52
110
363
171
102
265
133
6
9
155
191
429
158
249
48
38
134
99
169
187
228
9
38
117
212
331
292
188
12
30
105
166
92
173
154
5
0
157
134
183
117
91
11
56
170
215
141
205
268
76
11
150
75
218
201
166
37
46
172
187
76
209
91
27
82
236
315
173
149
137
65
13
264
269
157
108
137
117
72
171
175
155
164
332
21
65
271
129
223
194
127
28
30
414
171
459
268
179
60
57
231
173
109
142
15
0
0
72
65
73
179
33
15
135
91
158
102
157
190
25
35
122
191
177
199
165
48
67
86
151
207
125
218
4
23
136
184
157
103
82
116
17
99
87
179
31
153
13
63
158
190
334
303
67
55
0
132
317
94
125
146
26
39
168
207
114
145
237
76
28
236
177
273
177
239
31
13
144
147
118
152
174
0
13
145
100
302
178
140
109
74
303
192
359
239
104
37
15
166
273
240
201
96
0
0
187
330
196
334
102
13
45
128
126
156
217
187
80
82
325
199
89
154
107
53
14
120
289
199
153
157
43
15
193
423
175
117
108
23
0
205
300
153
153
269
27
18
312
206
202
298
366
19
4
238
153
230
330
253
53
236
388
110
173
406
219
93
88
245
262
211
234
431
6
14
84
358
294
308
41
19
40
137
142
224
359
380
24
95
89
239
153
205
33
80
119
325
156
148
87
94
44
0
333
296
232
237
189
14
27
179
176
192
264
216
7
0
325
363
122
272
190
36
42
228
218
272
209
177
90
28
216
105
107
240
214
5
32
136
292
273
181
65
34
61
151
177
110
145
162
32
0
214
291
311
447
293
23
23
206
188
240
240
184
31
94
209
479
206
227
240
12
10
283
250
349
199
131
28
14
84
227
231
197
134
43
44
299
209
248
193
241
42
6
193
176
245
227
243
14
18
170
305
159
221
149
55
35
198
300
350
180
205
58
13
140
182
297
395
319
28
0
375
172
218
387
228
135
25
317
254
200
100
184
67
109
256
305
209
266
74
61
0
266
184
185
133
165
18
57
122
126
136
259
348
37
18
145
290
584
206
276
31
4
271
260
427
242
138
5
14
104
194
98
84
55
73
26
103
133
217
116
86
52
0
223
213
267
238
307
20
43
269
234
198
191
68
41
27
148
307
132
147
254
233
95
303
209
134
311
206
4
57
224
159
170
209
263
0
0
318
290
110
140
310
92
15
116
62
260
431
328
26
16
147
140
133
46
219
192
45
125
196
116
370
217
13
5
438
197
256
498
399
0
0
167
203
252
331
174
0
76
123
211
129
123
384
55
32
181
262
100
297
219
36
38
207
120
231
180
88
47
45
144
264
162
181
171
0
29
151
186
58
260
165
43
35
75
59
564
99
192
22
0
146
245
216
550
247
78
21
280
167
242
307
35
46
23
214
312
239
297
118
107
28
149
319
243
263
397
20
46
241
74
146
97
124
139
78
257
446
140
371
203
63
5
194
288
215
141
134
73
26
148
210
306
208
210
6
60
328
140
268
141
174
22
24
204
276
195
259
203
118
33
321
227
207
473
188
7
24
375
304
354
313
382
90
14
204
253
132
168
119
70
0
149
149
323
184
153
142
0
277
184
221
294
277
71
0
86
286
144
219
187
41
29
228
211
164
297
183
13
23
227
242
244
207
143
0
157
266
235
154
207
175
37
47
196
255
133
254
137
5
38
180
269
134
197
361
28
23
249
140
169
98
183
65
36
222
177
291
108
109
42
54
406
259
358
197
146
139
74
109
191
173
167
207
53
0
220
365
230
298
298
44
7
264
218
178
313
145
47
19
140
282
100
224
155
31
130
458
308
193
66
186
154
0
366
352
532
321
249
2
75
260
307
185
231
99
78
40
193
199
368
216
271
35
116
372
283
235
365
273
60
0
185
25
100
142
201
86
70
2
95
203
128
208
8
29
144
336
506
210
209
18
64
304
269
199
151
426
92
32
312
229
226
65
255
59
39
227
603
285
109
276
61
119
367
296
261
324
256
95
29
190
191
468
345
186
78
112
236
173
310
151
193
69
60
182
330
146
286
256
79
97
187
313
193
177
319
64
8
270
257
362
229
142
9
75
187
401
190
124
269
95
47
79
245
122
424
229
42
27
238
318
248
123
204
0
39
113
212
409
158
74
101
81
229
206
219
218
156
88
52
255
357
410
345
160
4
39
257
213
249
259
240
8
33
192
79
179
186
186
33
29
246
239
359
372
277
92
4
181
397
214
121
456
9
143
215
287
237
228
364
85
45
223
369
135
162
270
21
61
253
240
253
228
322
55
49
346
124
152
334
209
4
25
364
159
266
522
305
38
0
262
73
168
367
256
15
15
436
307
125
271
361
18
95
217
210
126
214
251
25
2
152
119
225
345
119
28
1
260
508
136
164
235
48
8
218
129
251
148
243
0
7
262
84
175
149
176
72
25
188
120
340
329
141
43
20
240
157
529
276
276
27
83
134
123
212
169
228
14
49
242
277
118
322
277
3
41
203
205
197
286
334
2
0
213
233
300
268
307
102
35
241
182
198
314
357
50
15
291
222
210
342
158
24
38
654
336
306
374
109
46
8
287
324
308
422
253
26
112
203
176
510
117
217
34
0
149
387
222
364
266
175
30
280
349
174
405
282
20
44
310
220
297
291
263
114
32
299
394
429
388
323
155
107
363
358
247
236
305
165
35
281
353
192
279
384
29
17
260
337
259
330
517
176
27
56
4
128
134
192
52
90
127
0
98
65
185
23
18
120
261
146
755
274
74
71
351
257
250
343
202
82
0
117
247
409
122
123
36
58
131
218
496
316
182
17
78
358
199
298
453
270
30
30
229
169
382
222
267
109
21
94
152
106
293
241
17
54
272
370
317
187
107
49
0
309
535
186
303
183
25
85
62
93
0
0
0
0
0
0
0
0
0
0
0
0
0
0
0
0
0
0
0
0
0
0
0
0
0
0
0
0
0
0
0
0
0
0
0
0
0
0
0
0
0
0
0
0
0
0
0
0
0
0
0
0
0
0
0
0
0
0
0
0
0
0
0
0
0
0
0
0
0
0
0
0
0
0
0
0
0
0
0
0
0
0
0
0
0
0
0
0
0
0
0
0
0
0
0
0
0
0
0
0
0
0
0
0
0
0
0
0
0
0
0
0
0
0
0
0
0
0
0
0
0
0
0
0
0
0
0
0
0
0
0
0
0
0
0
0
0
0
0
0
0
0
0
0
0
0
0
0
0
0
0
0
0
0
0
0
0
0
0
0
0
0
0
0
0
0
0
0
0
0
0
0
0
0
0
0
0
0
0
0
0
0
0
0
0
0
0
0
0
0
0
0
0
0
0
0
0
0
0
0
0
0
0
0
0
0
0
0
0
0
0
0
0
0
0
0
0
0
0
0
0
0
0
0
0
0
0
0
0
0
0
0
0
0
0
0
0
0
0
0
0
0
0
0
0
0
0
0
0
0
0
0
0
0
0
0
0
0
0
0
0
0
0
0
0
0
0
0
0
0
0
0
0
0
0
0
0
0
0
0
0
0
0
0
0
0
0
0
0
0
0
0
0
0
0
0
0
0
0
0
0
0
0
0
0
0
0
0
0
0
0
0
0
0
0
0
0
0
0
0
0
0
0
0
0
0
0
0
0
0
0
0
0
0
0
0
0
0
0
0
0
0
0
0
0
0
0
0
0
0
0
0
0
0
0
0
0
0
0
0
0
0
0
0
0
0
0
0
0
0
0
0
0
0
0
0
0
0
0
0
0
0
0
0
0
0
0
0
0
0
0
0
0
0
0
0
0
0
0
0
0
0
0
0
0
0
0
0
0
0
0
0
0
