2587110
198873
189404
180050
100697
178735
130770
181557
98720
101722
179421
93144
257277
115468
90193
262446
135818
190738
205024
127217
253454
160142
186076
104734
149290
314960
108154
190381
102369
81360
356539
100007
175608
110773
75855
175834
124421
279764
77498
99295
172291
78351
171090
77672
63080
241941
74691
127505
88525
59528
364393
69096
153908
57625
68423
181219
58782
150567
58887
46911
227906
54602
304961
57859
44043
158787
55865
134498
49338
44104
172437
47619
114104
41938
36732
421252
42848
91769
55856
33643
183048
44761
105963
40815
37872
107112
34161
260238
37983
29421
159121
38773
89981
39185
26462
134011
36614
76940
29795
26394
363223
30375
71202
28260
27728
140406
28556
78218
28618
22253
69704
24980
210402
26827
22906
70886
21693
65740
23176
17518
117483
21152
52259
20971
16947
316224
18722
55055
15909
11760
112039
13839
59688
13698
10217
64504
11756
131305
15918
9632
62489
11087
47596
11525
8146
61185
9835
35716
9935
7660
244657
13256
34764
11422
7393
60295
9425
41644
9556
6805
37186
7783
120641
12599
6786
33997
7498
34400
8436
5280
45547
7185
26234
7031
5324
140799
9405
24061
7415
4848
50786
6827
25876
6685
4484
25127
5542
96319
10119
4948
25227
5523
21015
5732
3619
31415
5008
17349
5113
3593
117246
7243
17123
5590
3522
25106
4604
18847
4710
3175
20280
3942
53713
6843
3172
19204
3822
16556
4012
2498
17997
3366
14358
3698
2420
74557
5346
12459
4060
2469
19004
3376
13354
3456
2232
12572
2822
30219
4705
2192
17001
2939
11377
3103
1863
15832
2760
9093
2796
2009
103275
5984
11690
3704
2067
13643
2844
10117
2693
1791
10649
2094
20357
3423
1695
9754
2120
7723
2391
1415
9654
1976
6611
1888
1373
35349
3220
6549
2259
1316
9048
1918
6094
1769
1242
6267
1538
15049
2601
1294
5994
1445
5323
1514
1006
6067
1389
4197
1402
1025
45873
3255
5822
1989
1064
6059
1454
4726
1397
986
4944
1185
20408
2682
1105
5576
1346
4241
1412
863
4757
1126
3245
1142
818
23214
1940
4239
1353
871
4644
1120
3375
978
736
3429
887
9592
1551
793
3896
944
3489
962
614
3640
840
2731
890
653
17893
1590
3119
1097
639
3694
854
2637
835
630
3283
749
6723
1220
574
3307
741
2574
787
528
3105
639
2276
691
561
32975
2057
3518
1119
629
4010
882
2852
793
525
2907
687
5187
853
505
3077
595
2405
711
461
2461
596
2227
628
459
12080
1082
2262
749
472
2420
589
2271
646
424
2316
546
5022
827
460
2438
572
2156
620
412
2302
538
1664
540
428
8334
816
1845
598
389
2370
512
1863
557
359
1667
425
6566
937
408
1917
469
1817
519
355
1921
437
1612
422
327
10067
882
1548
537
372
2015
471
1614
461
286
1609
326
3747
633
354
1664
404
1467
393
308
1356
372
1203
370
276
4529
495
1743
513
294
2133
408
1279
372
287
1299
329
2416
450
268
1404
305
1091
349
255
1383
328
934
306
250
14157
862
1996
563
256
1552
369
1214
330
250
1169
260
2142
332
206
1069
269
826
272
239
1659
297
833
220
188
2947
294
1020
275
153
1196
299
1011
245
192
1039
240
2571
430
192
1132
230
867
226
200
1004
204
721
195
162
2784
298
784
259
169
1254
233
851
228
178
833
201
2447
323
167
1189
214
726
232
147
1082
174
697
194
156
2375
244
696
211
173
1407
208
1039
253
171
1098
203
1142
208
158
728
206
894
189
148
745
198
679
217
145
1900
247
682
201
161
717
184
902
182
147
770
191
1076
180
148
987
218
681
200
145
720
152
718
211
138
4000
318
1307
275
144
1234
226
829
182
146
710
174
1007
156
124
567
153
591
168
87
556
157
1009
215
116
1540
177
655
156
121
653
126
623
137
86
592
104
741
128
89
644
93
765
126
104
426
91
1165
167
87
847
118
635
121
86
658
102
839
119
71
425
77
812
119
73
621
115
862
131
101
693
98
844
124
69
680
123
529
127
78
861
115
509
107
59
388
88
1040
131
75
430
66
685
105
59
719
100
452
107
72
889
107
832
146
55
945
85
627
121
72
698
115
1000
135
84
905
100
852
127
69
528
85
614
107
74
1348
127
833
142
62
629
92
373
77
48
728
90
523
72
48
558
80
523
95
43
588
80
855
110
52
1163
126
596
101
57
1083
104
767
122
68
815
109
1146
166
53
787
121
891
143
59
1729
159
546
105
67
1084
105
1156
158
70
1508
146
1118
182
78
853
107
1193
130
71
845
104
1420
192
78
1534
159
990
154
79
1672
160
973
147
59
656
98
1033
126
62
885
113
778
125
71
577
100
1303
157
60
612
83
465
101
37
1207
86
770
96
58
795
84
839
119
67
461
89
751
115
58
483
75
622
94
50
554
70
419
70
49
674
75
754
108
47
705
92
1245
170
78
558
87
392
67
42
733
78
464
74
38
612
60
619
95
51
1382
94
449
102
39
633
82
423
72
48
379
66
338
58
40
397
49
382
52
31
587
64
265
55
42
316
46
780
100
33
457
60
345
48
42
440
56
1073
104
45
1281
107
812
115
49
518
78
300
78
36
789
53
411
58
21
1873
128
441
92
36
518
68
876
102
53
639
66
407
61
36
306
48
353
40
21
618
64
262
42
30
979
78
499
60
41
274
58
384
51
27
257
38
556
55
48
1381
85
636
85
49
660
87
296
56
41
556
46
868
74
38
1051
92
366
58
42
314
55
405
42
23
569
56
500
67
23
294
33
203
42
19
442
41
725
66
31
705
51
1133
129
40
1006
105
326
61
21
394
45
283
41
23
247
15
259
37
26
505
48
341
32
22
244
42
260
27
30
231
27
264
27
19
236
15
188
21
17
182
19
145
21
18
212
15
157
21
21
265
21
205
21
21
213
23
152
22
18
176
13
130
24
13
254
20
112
27
7
148
10
157
12
10
144
17
440
29
17
125
22
164
22
8
852
44
194
21
19
404
37
113
22
14
160
24
440
54
14
409
23
202
21
11
107
24
152
11
12
190
20
128
15
10
93
15
993
74
31
182
28
231
34
15
161
16
143
16
26
190
20
80
15
8
142
12
112
9
6
101
14
359
30
14
406
28
164
30
7
141
11
322
32
17
146
20
140
18
10
122
15
105
16
8
135
19
122
16
8
117
15
81
16
12
269
25
117
20
13
155
14
92
12
5
96
11
87
8
6
74
9
350
26
11
90
14
148
18
6
101
12
274
22
8
122
10
93
15
7
621
30
242
30
12
121
15
131
17
9
228
14
232
22
12
117
17
103
16
4
96
12
542
41
6
162
15
426
37
20
402
42
206
19
9
111
22
84
8
9
135
10
124
11
4
74
15
89
8
9
131
9
97
9
10
119
5
104
12
7
111
5
85
9
7
60
7
88
6
6
66
6
453
28
14
121
11
111
7
9
111
4
61
3
7
113
10
49
7
9
89
8
72
4
5
56
5
120
8
8
62
4
55
5
11
61
7
130
9
3
89
8
93
4
4
65
4
66
8
3
50
11
63
4
10
39
7
35
7
5
75
3
70
2
4
121
5
127
4
4
202
11
47
11
1
80
9
137
17
1
68
9
85
8
7
59
4
68
6
13
60
11
134
8
4
50
7
56
8
1
38
5
57
5
3
211
14
108
14
6
51
8
43
8
2
44
6
103
5
5
46
2
211
23
2
53
11
168
14
5
123
16
56
14
5
58
1
53
3
5
58
5
54
4
2
39
3
54
7
1
38
3
47
3
4
96
6
38
5
3
91
3
412
29
3
59
13
80
8
9
34
3
39
8
2
92
3
302
21
4
76
11
71
12
6
38
7
112
6
7
76
4
52
8
2
26
2
41
1
3
32
4
71
3
3
25
6
26
6
4
25
3
64
4
5
34
2
24
1
4
73
2
133
2
1
39
4
41
6
6
34
4
42
5
2
58
6
34
5
2
29
3
29
6
4
56
0
33
2
3
16
2
58
5
1
102
1
65
7
1
26
7
26
0
0
116
2
57
2
1
27
3
127
1
2
21
3
85
2
1
21
4
24
1
0
17
0
162
11
3
117
6
29
7
2
26
4
110
3
2
86
3
73
5
5
57
2
83
8
3
20
3
91
4
3
24
6
17
1
2
23
3
49
2
1
20
1
25
4
0
16
2
23
4
2
18
3
50
3
1
16
0
68
4
1
15
0
31
2
0
89
9
32
4
2
53
3
15
2
1
18
4
46
2
1
14
3
18
3
1
20
0
25
3
1
19
3
14
2
0
15
1
20
2
0
127
0
21
2
3
64
6
7
0
3
16
4
22
1
4
35
1
30
1
0
13
2
10
3
2
8
1
89
0
3
5
2
13
3
1
8
0
32
4
0
15
0
19
3
2
9
0
16
4
2
23
0
19
0
0
20
0
37
1
0
11
2
15
3
0
8
1
16
3
2
5
1
13
1
1
6
1
10
2
0
9
0
11
0
2
29
0
12
1
0
18
1
14
0
0
11
0
3
0
1
4
1
11
1
0
16
1
1
2
0
6
0
8
2
0
10
1
9
3
2
75
1
9
4
0
17
1
36
0
0
12
2
2
0
0
70
1
88
0
0
9
0
10
2
1
2
2
13
1
3
4
2
18
0
0
12
1
27
2
2
7
1
11
1
1
7
1
39
2
0
13
1
10
1
2
60
2
16
1
1
9
0
9
3
0
8
2
14
0
1
7
0
4
0
1
58
2
12
0
0
5
3
7
1
2
4
3
10
0
0
7
1
8
1
1
11
1
7
1
0
4
0
6
1
0
2
3
6
2
1
11
0
11
0
1
9
0
7
3
0
3
0
4
0
1
9
1
3
0
2
5
0
10
0
0
5
1
2
0
1
12
2
14
1
1
5
1
3
1
1
6
0
3
0
0
6
0
4
0
1
86
0
12
1
0
27
0
6
0
0
4
0
3
0
0
8
1
10
0
0
3
0
6
0
0
1
0
13
2
0
4
1
8
2
0
3
0
2
0
1
1
0
2
0
1
7
0
5
0
0
7
0
4
0
0
4
0
3
0
1
1
0
10
2
1
1
0
67
0
0
2
0
3
0
0
6
0
4
1
0
4
1
1
0
0
6
0
2
0
0
9
0
2
1
0
1
3
8
0
0
4
1
4
0
0
2
0
6
0
0
2
0
3
0
0
0
0
23
1
0
3
1
6
0
0
12
0
2
1
4
14
0
4
0
2
5
0
3
0
0
1
2
1
1
0
4
0
9
1
0
1
0
15
1
1
1
0
6
1
0
9
0
10
0
0
5
0
3
0
0
3
0
1
0
0
1
0
18
0
0
10
0
10
0
0
5
0
8
1
0
3
0
5
0
0
1
0
4
1
1
1
1
0
0
0
8
0
23
0
0
2
0
1
0
0
6
0
1
0
0
2
0
2
0
2
2
0
4
0
0
1
0
2
0
0
0
0
1
0
0
4
0
3
1
0
1
0
2
0
0
2
0
6
0
0
0
0
1
0
0
12
0
1
0
0
1
1
5
0
0
12
1
3
1
1
0
0
10
0
0
17
0
1
0
1
1
1
1
0
0
6
0
1
0
0
1
0
5
0
0
28
0
2
0
0
5
0
1
0
0
2
0
3
0
0
2
0
4
0
0
0
0
0
0
0
4
0
1
0
0
4
0
2
0
0
1
0
2
1
0
1
0
2
0
0
1
0
1
0
1
0
0
1
0
0
3
0
0
0
1
2
1
1
0
1
0
0
0
0
0
0
0
2
0
0
2
0
2
1
0
2
0
2
0
0
0
0
2
0
0
0
0
0
1
0
4
0
0
1
0
1
0
0
0
0
0
0
0
0
0
11
0
17
1
0
1
0
2
0
0
1
1
2
0
0
3
0
2
1
0
0
0
0
0
0
13
0
1
0
0
0
0
1
0
1
0
0
1
0
1
2
0
3
0
0
6
0
10
0
0
2
0
2
0
0
0
1
2
0
0
2
0
3
0
0
2
0
0
0
0
2
1
0
0
1
1
0
2
0
0
0
0
6
0
0
1
0
1
0
0
1
0
0
0
0
2
0
0
0
0
0
0
2
0
0
9
0
8
0
0
0
0
1
0
0
0
0
0
0
0
0
0
0
0
0
1
0
4
0
0
1
0
2
0
0
0
0
0
0
0
1
0
1
0
0
0
0
0
0
0
0
0
9
0
0
0
0
0
0
0
0
0
0
0
1
1
0
2
0
0
0
0
4
0
0
0
0
0
0
0
1
0
0
0
0
0
0
0
0
0
2
0
0
0
0
1
0
0
0
0
0
0
1
0
0
4
0
3
0
0
4
0
0
0
0
1
0
0
0
0
1
0
1
0
0
0
0
6
0
0
1
0
1
0
0
0
0
3
0
0
0
0
0
0
0
0
0
0
0
0
1
0
0
0
0
1
0
0
1
0
0
0
1
0
0
2
0
0
0
0
0
0
0
0
0
0
0
1
0
0
0
0
0
0
0
0
0
8
0
0
0
0
0
0
0
0
0
0
0
0
11
0
0
0
0
5
0
0
0
0
1
0
0
0
0
4
0
0
0
0
1
0
0
0
0
1
0
0
0
0
0
0
8
0
0
0
0
0
0
0
0
1
1
0
0
0
0
0
0
0
0
0
0
0
0
8
1
0
2
0
0
0
1
0
0
1
0
0
0
0
0
0
0
0
0
1
0
1
0
0
0
0
0
0
0
0
0
0
0
0
12
0
0
0
0
0
0
0
0
0
0
0
0
0
0
0
0
0
0
0
0
0
0
0
0
0
0
0
0
0
0
0
0
0
0
3
0
1
0
0
0
0
0
0
0
0
0
0
0
0
0
0
0
0
0
0
0
0
0
0
0
0
0
0
0
0
0
1
0
0
0
0
0
0
0
0
0
0
0
0
0
0
0
0
0
3
0
0
0
0
0
0
0
0
0
0
0
0
0
0
0
0
0
0
0
0
0
0
0
0
0
0
0
0
0
4
0
0
0
0
0
0
0
0
0
1
0
1
0
0
0
0
0
0
0
0
0
0
0
0
0
0
0
0
0
0
0
0
1
0
0
0
0
0
0
0
0
0
0
0
0
0
0
0
0
0
0
2
0
0
0
0
0
0
0
0
0
1
0
0
0
0
1
0
0
0
0
0
0
0
0
0
0
0
0
0
0
0
0
0
0
0
0
0
0
0
0
0
0
0
9
0
0
0
0
0
0
0
0
0
0
0
0
0
0
0
0
0
0
0
0
0
0
0
0
0
0
1
0
0
0
0
0
0
0
0
0
0
0
0
0
0
0
0
0
0
0
0
0
0
0
0
0
0
0
0
0
0
0
0
0
0
0
0
0
0
0
1
0
0
0
0
1
0
0
0
0
0
0
0
0
0
0
0
0
0
0
0
0
0
0
0
0
0
0
0
0
0
0
0
0
0
0
0
0
0
0
0
0
0
0
0
0
0
0
0
0
0
0
0
0
0
0
0
0
0
0
0
0
0
0
0
0
0
0
0
0
0
0
0
0
0
0
0
0
0
0
0
0
0
0
0
0
0
0
0
0
0
0
0
0
0
0
0
0
0
0
0
0
0
2
0
0
0
0
0
0
0
0
0
0
0
2
0
0
0
0
0
0
0
0
0
0
0
0
0
0
0
0
0
0
0
0
0
0
0
0
0
0
0
0
0
0
0
0
0
0
0
0
0
0
0
0
0
0
0
0
0
0
0
1
0
0
0
0
0
0
0
0
0
0
0
0
0
0
0
0
0
0
0
0
0
0
0
0
0
0
0
0
0
0
0
1
0
0
0
0
0
0
0
0
0
0
0
0
0
0
0
0
0
0
0
0
0
0
0
0
0
0
0
0
0
0
0
0
0
0
0
0
0
0
0
0
0
0
0
0
0
0
0
0
0
0
0
0
0
0
0
0
0
0
0
0
0
0
0
0
0
0
0
0
0
0
0
0
0
0
0
0
0
0
0
0
0
0
0
0
0
0
0
0
0
0
0
0
1
0
0
0
0
0
0
0
0
0
0
0
0
0
0
0
0
0
0
0
0
0
0
0
0
0
0
0
0
0
0
0
0
0
0
0
0
0
0
0
0
0
0
0
0
0
0
0
0
0
0
0
0
0
0
0
0
0
0
0
0
0
0
0
0
0
0
0
0
0
0
0
0
0
0
0
0
0
0
0
0
0
0
0
0
0
0
0
0
0
0
0
0
0
0
0
0
0
0
0
0
0
0
0
0
0
0
0
0
0
0
0
0
0
0
0
0
0
0
0
0
0
0
0
0
0
0
0
0
0
0
0
0
0
0
0
0
0
0
0
0
0
0
0
1
0
0
0
0
0
0
0
0
0
0
0
0
0
0
0
0
0
0
0
0
0
0
0
0
0
0
0
0
0
0
0
0
0
0
0
0
0
0
0
0
0
0
0
0
0
0
0
0
0
0
0
0
0
0
0
0
0
0
0
0
0
0
0
0
0
0
0
0
0
0
0
0
0
0
0
0
0
0
0
0
0
0
0
0
0
0
0
0
0
0
0
0
0
0
0
0
0
0
0
0
0
0
0
0
0
0
0
0
0
0
0
0
0
0
0
0
0
0
0
0
0
0
0
0
0
0
0
0
0
0
0
0
0
0
0
0
0
0
0
0
0
0
0
0
0
0
0
0
0
0
0
0
0
0
0
0
0
0
0
0
0
0
0
0
0
0
0
0
0
0
0
0
0
0
0
0
0
0
0
0
0
0
0
0
0
0
0
1
0
0
0
0
0
0
0
0
0
0
0
0
0
0
0
0
0
0
0
0
0
0
0
0
0
0
0
0
0
0
0
0
0
0
0
0
0
0
0
0
0
0
0
0
0
0
0
0
0
0
0
0
0
0
0
0
0
0
0
0
0
0
0
0
0
0
0
0
0
0
0
0
0
0
0
0
0
0
0
0
0
0
0
0
0
0
0
0
0
0
0
0
0
0
0
0
0
0
0
0
0
0
0
0
0
0
0
0
0
0
0
0
0
0
0
0
0
0
0
0
0
0
0
0
0
0
0
0
0
0
0
0
0
0
0
0
0
0
0
0
0
0
0
0
0
0
0
0
0
0
0
0
0
0
0
0
0
0
0
0
0
0
0
0
0
0
0
0
0
0
0
0
0
0
0
0
0
0
0
0
0
0
0
0
0
0
0
0
0
0
0
0
0
0
0
0
0
0
0
0
0
0
0
0
0
0
0
0
0
0
0
0
0
0
0
0
0
0
0
0
0
0
0
0
0
0
0
0
0
0
0
0
0
0
0
0
0
0
0
0
0
0
0
0
0
0
0
0
0
0
0
0
0
0
0
0
0
0
0
0
0
0
0
0
0
0
0
0
0
0
0
0
0
0
0
0
0
0
0
0
0
0
0
0
0
0
0
0
0
0
0
0
0
0
0
0
0
0
0
0
0
0
0
0
0
0
0
0
0
0
0
0
0
0
0
0
0
0
0
0
0
0
0
0
0
0
0
0
0
0
0
0
0
0
0
0
0
0
0
0
0
0
0
0
0
0
0
0
0
0
0
0
0
0
0
0
0
0
0
0
0
0
0
0
0
0
0
0
0
197
0
4
1
4
1
5
9
5
2
9
12
44
11
44
19
43
35
14
58
28
22
22
19
45
3688
211
457
662
648
490
1052
548
283
979
685
653
944
448
535
381
356
723
491
851
590
761
1028
950
