2639
2639
3099
3099
3312
3312
2992
2992
2801
2801
2149
2149
1810
1810
2389
2389
3341
3341
2787
2787
2763
2763
2709
2709
2862
2862
2787
2787
2512
2512
2859
2859
2991
2991
2944
2944
2965
2965
2491
2491
2709
2709
2380
2380
3006
3006
2844
2844
2729
2729
2506
2506
2875
2875
2415
2415
2497
2497
2172
2172
2350
2350
1162
1162
1828
1828
1683
1683
2352
2352
2158
2158
1785
1785
2228
2228
2540
2540
2179
2179
2247
2247
1862
1862
2547
2547
2843
2843
2334
2334
2550
2550
2301
2301
2433
2433
2453
2453
2536
2536
2272
2272
2109
2109
2297
2297
2532
2532
2450
2450
2608
2608
2658
2658
1798
1798
1838
1838
1854
1854
2699
2699
3097
3097
2939
2939
2613
2613
2203
2203
2899
2899
2426
2426
2679
2679
3154
3154
2700
2700
2857
2857
2672
2672
2376
2376
2573
2573
3137
3137
3257
3257
2679
2679
2692
2692
2529
2529
2818
2818
2247
2247
2749
2749
2380
2380
2562
2562
2841
2841
2143
2143
3171
3171
3220
3220
2940
2940
2990
2990
3314
3314
2956
2956
3029
3029
2678
2678
1539
1539
3158
3158
3596
3596
2971
2971
2856
2856
2815
2815
3271
3271
3177
3177
3054
3054
2930
2930
3185
3185
3064
3064
2565
2565
3237
3237
3001
3001
3150
3150
1700
1700
2884
2884
3154
3154
3029
3029
3145
3145
3067
3067
3292
3292
3226
3226
3954
3954
3885
3885
4051
4051
3878
3878
3566
3566
3482
3482
4012
4012
4193
4193
4480
4480
4126
4126
4028
4028
4202
4202
4147
4147
4330
4330
4337
4337
4155
4155
4139
4139
4315
4315
4361
4361
4156
4156
4014
4014
3924
3924
4104
4104
3865
3865
4114
4114
4126
4126
4144
4144
4285
4285
4278
4278
4085
4085
4531
4531
4088
4088
4278
4278
4454
4454
4717
4717
4404
4404
4421
4421
4428
4428
4550
4550
4780
4780
4407
4407
4056
4056
4667
4667
4363
4363
4613
4613
4415
4415
4455
4455
4314
4314
4285
4285
4372
4372
4660
4660
4322
4322
4237
4237
4247
4247
4249
4249
4168
4168
3659
3659
3577
3577
3840
3840
3776
3776
3804
3804
3953
3953
4001
4001
4006
4006
3688
3688
3771
3771
3705
3705
3458
3458
3760
3760
4773
4773
4666
4666
4892
4892
4454
4454
4724
4724
4930
4930
5007
5007
4688
4688
4826
4826
4871
4871
4840
4840
5023
5023
5087
5087
5122
5122
4953
4953
5216
5216
4983
4983
5157
5157
5064
5064
4765
4765
5419
5419
5426
5426
5281
5281
5222
5222
5065
5065
4562
4562
4919
4919
4602
4602
3897
3897
4686
4686
5305
5305
4653
4653
4394
4394
4037
4037
3900
3900
3714
3714
3977
3977
4172
4172
4428
4428
4931
4931
4337
4337
4651
4651
4013
4013
4696
4696
4756
4756
5119
5119
5135
5135
5510
5510
3802
3802
4110
4110
3494
3494
4403
4403
4079
4079
3851
3851
4533
4533
4210
4210
4955
4955
5344
5344
5097
5097
4865
4865
4694
4694
4287
4287
4468
4468
5048
5048
4440
4440
4688
4688
4789
4789
4177
4177
4869
4869
4489
4489
4734
4734
4415
4415
4238
4238
4819
4819
4695
4695
4631
4631
4712
4712
4612
4612
4155
4155
4916
4916
3807
3807
4211
4211
3973
3973
4076
4076
4010
4010
3925
3925
3729
3729
3610
3610
3868
3868
4687
4687
4427
4427
4719
4719
4762
4762
4688
4688
4527
4527
4638
4638
4582
4582
4169
4169
3542
3542
3672
3672
3889
3889
3770
3770
3795
3795
3581
3581
3946
3946
3739
3739
4080
4080
4167
4167
3692
3692
4197
4197
3680
3680
3583
3583
3941
3941
4070
4070
3731
3731
3761
3761
3729
3729
4676
4676
5144
5144
4916
4916
5062
5062
4875
4875
4497
4497
4895
4895
4798
4798
4834
4834
5210
5210
4753
4753
5272
5272
5460
5460
5305
5305
5203
5203
5479
5479
5098
5098
5103
5103
5208
5208
4918
4918
4970
4970
5288
5288
5066
5066
5479
5479
5001
5001
4911
4911
4887
4887
5479
5479
5175
5175
5044
5044
4651
4651
4995
4995
5230
5230
5316
5316
4749
4749
5155
5155
4882
4882
5626
5626
5003
5003
5189
5189
5250
5250
5149
5149
5431
5431
5557
5557
5001
5001
4965
4965
5426
5426
5149
5149
5323
5323
5761
5761
5251
5251
5418
5418
5372
5372
5047
5047
5465
5465
5597
5597
5350
5350
5095
5095
5391
5391
5426
5426
5741
5741
5508
5508
5765
5765
5462
5462
5784
5784
5480
5480
5740
5740
5558
5558
5600
5600
5187
5187
5345
5345
5795
5795
5735
5735
5649
5649
5715
5715
5379
5379
5253
5253
5350
5350
6066
6066
5311
5311
5654
5654
5580
5580
5612
5612
5698
5698
0
0
0
0
5514
5514
5476
5476
5578
5578
3686
3686
3247
3247
3653
3653
3911
3911
3844
3844
4087
4087
3686
3686
4214
4214
5423
5423
5416
5416
5452
5452
5808
5808
5794
5794
5530
5530
5505
5505
6058
6058
6122
6122
6856
6856
7173
7173
7316
7316
7283
7283
7408
7408
7745
7745
7854
7854
7909
7909
8521
8521
8491
8491
8650
8650
8700
8700
8429
8429
8756
8756
8299
8299
8935
8935
8632
8632
5243
5243
3948
3948
4434
4434
4284
4284
4629
4629
4332
4332
4210
4210
4376
4376
4358
4358
4227
4227
4450
4450
7345
7345
7684
7684
6052
6052
6023
6023
14807
14807
7331
7331
6689
6689
6762
6762
7051
7051
7224
7224
6885
6885
7576
7576
7213
7213
5291
5291
4923
4923
5057
5057
13008
13008
7596
7596
8219
8219
8126
8126
8127
8127
8532
8532
9362
9362
9014
9014
8515
8515
8113
8113
8376
8376
8243
8243
8510
8510
7946
7946
8064
8064
8339
8339
9205
9205
8550
8550
8392
8392
8677
8677
9212
9212
9310
9310
8850
8850
8228
8228
8851
8851
9271
9271
8801
8801
8365
8365
8299
8299
8552
8552
8328
8328
7780
7780
8293
8293
8405
8405
8558
8558
8411
8411
8919
8919
8312
8312
8781
8781
8997
8997
8426
8426
8933
8933
8929
8929
9466
9466
9021
9021
8668
8668
8619
8619
7767
7767
8653
8653
7404
7404
7965
7965
8562
8562
8373
8373
8304
8304
7829
7829
8022
8022
9127
9127
8794
8794
9772
9772
5380
5380
2720
2720
3176
3176
4276
4276
4276
4276
5070
5070
3592
3592
5041
5041
3847
3847
6065
6065
8682
8682
8164
8164
7030
7030
8338
8338
6261
6261
6163
6163
5539
5539
5811
5811
5695
5695
5516
5516
5930
5930
11212
11212
10789
10789
7277
7277
8688
8688
5337
5337
8994
8994
7232
7232
5911
5911
10091
10091
6517
6517
7894
7894
8418
8418
7651
7651
9803
9803
9005
9005
8774
8774
8871
8871
8485
8485
9277
9277
8645
8645
9223
9223
6035
6035
9324
9324
9573
9573
9356
9356
9670
9670
9351
9351
9075
9075
8937
8937
9249
9249
9589
9589
9148
9148
9587
9587
9300
9300
8727
8727
9746
9746
9017
9017
9448
9448
9670
9670
9437
9437
9171
9171
9082
9082
9231
9231
8395
8395
10032
10032
9598
9598
9271
9271
6820
6820
8357
8357
6010
6010
6599
6599
9867
9867
10110
10110
10135
10135
10216
10216
9323
9323
10503
10503
10059
10059
10513
10513
5440
5440
8943
8943
7079
7079
8998
8998
10170
10170
10321
10321
19480
19480
3704
3704
6218
6218
7316
7316
8045
8045
7533
7533
7821
7821
9022
9022
7761
7761
9341
9341
7318
7318
9542
9542
9698
9698
9154
9154
7577
7577
6921
6921
9830
9830
9254
9254
9202
9202
8537
8537
8809
8809
10059
10059
9811
9811
8995
8995
8751
8751
9377
9377
9428
9428
7179
7179
8966
8966
8377
8377
9277
9277
5022
5022
9593
9593
9656
9656
9306
9306
6637
6637
6337
6337
8396
8396
9450
9450
9752
9752
10361
10361
9453
9453
9787
9787
7972
7972
8633
8633
8996
8996
8725
8725
8777
8777
8942
8942
8560
8560
9284
9284
8402
8402
8937
8937
8090
8090
7442
7442
7368
7368
7145
7145
6821
6821
7165
7165
6785
6785
7900
7900
8433
8433
8697
8697
10501
10501
9647
9647
10154
10154
10571
10571
10649
10649
11158
11158
11034
11034
11233
11233
10850
10850
10376
10376
10531
10531
10472
10472
10594
10594
10288
10288
10512
10512
9435
9435
9674
9674
8964
8964
8014
8014
9594
9594
8944
8944
8764
8764
9087
9087
8562
8562
9148
9148
9646
9646
8497
8497
9792
9792
9312
9312
9425
9425
10814
10814
9298
9298
10138
10138
10807
10807
8960
8960
10851
10851
10188
10188
10109
10109
10558
10558
9205
9205
8875
8875
9036
9036
12036
12036
7756
7756
8728
8728
9156
9156
6898
6898
8054
8054
8596
8596
8388
8388
8388
8388
9858
9858
7955
7955
8145
8145
8203
8203
9115
9115
8766
8766
8926
8926
8517
8517
8499
8499
9002
9002
8688
8688
8725
8725
9509
9509
8839
8839
9329
9329
8770
8770
9006
9006
8421
8421
9551
9551
8409
8409
8015
8015
7752
7752
6455
6455
7083
7083
6669
6669
6585
6585
6864
6864
7737
7737
8678
8678
8774
8774
8511
8511
9045
9045
9522
9522
8970
8970
9283
9283
9841
9841
9625
9625
9862
9862
9611
9611
9757
9757
9583
9583
10045
10045
9830
9830
9302
9302
10040
10040
9724
9724
9526
9526
9765
9765
9609
9609
10163
10163
9272
9272
10210
10210
9558
9558
9927
9927
9696
9696
8911
8911
10242
10242
8125
8125
8392
8392
7532
7532
6552
6552
6703
6703
6863
6863
7012
7012
6759
6759
6981
6981
8582
8582
8728
8728
9240
9240
8438
8438
8618
8618
8474
8474
8131
8131
8963
8963
8330
8330
8048
8048
9510
9510
9208
9208
9342
9342
7975
7975
8520
8520
8020
8020
8194
8194
7885
7885
8231
8231
8114
8114
8259
8259
8211
8211
7938
7938
8343
8343
8076
8076
8790
8790
8618
8618
8411
8411
8480
8480
9075
9075
9630
9630
9969
9969
9436
9436
8686
8686
9376
9376
10007
10007
11402
11402
10486
10486
10465
10465
11740
11740
11563
11563
11860
11860
12277
12277
8954
8954
8745
8745
8450
8450
8799
8799
8964
8964
7456
7456
6766
6766
6824
6824
7200
7200
6897
6897
6620
6620
6787
6787
7377
7377
7641
7641
7647
7647
8029
8029
8400
8400
7985
7985
8101
8101
8025
8025
8453
8453
8657
8657
8397
8397
8254
8254
8123
8123
8303
8303
8068
8068
8005
8005
7685
7685
8405
8405
8209
8209
8498
8498
7834
7834
7610
7610
4604
4604
4597
4597
4727
4727
4616
4616
4559
4559
5270
5270
5289
5289
5702
5702
5311
5311
5015
5015
4896
4896
5015
5015
4903
4903
5142
5142
5088
5088
5078
5078
5707
5707
5490
5490
5070
5070
4731
4731
4855
4855
5437
5437
5045
5045
5294
5294
4925
4925
4475
4475
7228
7228
7414
7414
7364
7364
7651
7651
7321
7321
7627
7627
7309
7309
7169
7169
7068
7068
7227
7227
7876
7876
7383
7383
7403
7403
7971
7971
7508
7508
7241
7241
7581
7581
7380
7380
7538
7538
7380
7380
7351
7351
7841
7841
8150
8150
7639
7639
7678
7678
7291
7291
8016
8016
6978
6978
7101
7101
7571
7571
8084
8084
7883
7883
7784
7784
6968
6968
7221
7221
7987
7987
7570
7570
7885
7885
8135
8135
7149
7149
7548
7548
7071
7071
8935
8935
8462
8462
8886
8886
8828
8828
8928
8928
8850
8850
9420
9420
8559
8559
9140
9140
9125
9125
8755
8755
8683
8683
8598
8598
9364
9364
9007
9007
8633
8633
8915
8915
9160
9160
9044
9044
9161
9161
9136
9136
9160
9160
9337
9337
8979
8979
9348
9348
8371
8371
9533
9533
9454
9454
8991
8991
8277
8277
8746
8746
8266
8266
9024
9024
9540
9540
8816
8816
8979
8979
8733
8733
8544
8544
1972
1972
16447
16447
9397
9397
8500
8500
8620
8620
8189
8189
8325
8325
8005
8005
8203
8203
8240
8240
8509
8509
8611
8611
8780
8780
7794
7794
8852
8852
8425
8425
8265
8265
9064
9064
8488
8488
8804
8804
8165
8165
8943
8943
9053
9053
9018
9018
9025
9025
8717
8717
8390
8390
7858
7858
7867
7867
7960
7960
7725
7725
8499
8499
7995
7995
9163
9163
8405
8405
7532
7532
6558
6558
7135
7135
6222
6222
8405
8405
7940
7940
8071
8071
8276
8276
8355
8355
7657
7657
8155
8155
8012
8012
8083
8083
7710
7710
8023
8023
7715
7715
8051
8051
7973
7973
7429
7429
8072
8072
6142
6142
8782
8782
7772
7772
8755
8755
8355
8355
6268
6268
8070
8070
8852
8852
7593
7593
8044
8044
8092
8092
7813
7813
7774
7774
7849
7849
6650
6650
7653
7653
8270
8270
8206
8206
8101
8101
7785
7785
6241
6241
7996
7996
7286
7286
8357
8357
6635
6635
8922
8922
8575
8575
6840
6840
7209
7209
7100
7100
8506
8506
8351
8351
8493
8493
8328
8328
4924
4924
4347
4347
4510
4510
5124
5124
6340
6340
5079
5079
5519
5519
5365
5365
5113
5113
4961
4961
5199
5199
6767
6767
7223
7223
7277
7277
7105
7105
7479
7479
8714
8714
6508
6508
8541
8541
8789
8789
8176
8176
8788
8788
6978
6978
8685
8685
8583
8583
9680
9680
9287
9287
9317
9317
9140
9140
9740
9740
9171
9171
6375
6375
9640
9640
8961
8961
9910
9910
10593
10593
6922
6922
10293
10293
9512
9512
9548
9548
8083
8083
9894
9894
7794
7794
9432
9432
9525
9525
7772
7772
8648
8648
7526
7526
9113
9113
9687
9687
9237
9237
9278
9278
8916
8916
7452
7452
9272
9272
8716
8716
9145
9145
10058
10058
9314
9314
9187
9187
9157
9157
9918
9918
9818
9818
9165
9165
9241
9241
10254
10254
9301
9301
9634
9634
9063
9063
7643
7643
9416
9416
9792
9792
9631
9631
9555
9555
7466
7466
9922
9922
9375
9375
8482
8482
9613
9613
9939
9939
9067
9067
10095
10095
9142
9142
7869
7869
9837
9837
9502
9502
9894
9894
9607
9607
7863
7863
9382
9382
8781
8781
10351
10351
8689
8689
9636
9636
9311
9311
7381
7381
9957
9957
7267
7267
8048
8048
8347
8347
10041
10041
9640
9640
7856
7856
9418
9418
10805
10805
7737
7737
10231
10231
9771
9771
9959
9959
10424
10424
10225
10225
9533
9533
9843
9843
10563
10563
9032
9032
9744
9744
10253
10253
10093
10093
9537
9537
9681
9681
11074
11074
7960
7960
8746
8746
11374
11374
10680
10680
10271
10271
7933
7933
9806
9806
10015
10015
9756
9756
10076
10076
9565
9565
9696
9696
10824
10824
9643
9643
8253
8253
9944
9944
10267
10267
10082
10082
9883
9883
7822
7822
9837
9837
9890
9890
10258
10258
8047
8047
8107
8107
11879
11879
8387
8387
10350
10350
10844
10844
8666
8666
7999
7999
8508
8508
10287
10287
10846
10846
8460
8460
10212
10212
10209
10209
9327
9327
10088
10088
10905
10905
11333
11333
9738
9738
10524
10524
10494
10494
10108
10108
10748
10748
10376
10376
11434
11434
10776
10776
10402
10402
9939
9939
8936
8936
9141
9141
7611
7611
9649
9649
8748
8748
9309
9309
9743
9743
7421
7421
9603
9603
9040
9040
8972
8972
9681
9681
9211
9211
10452
10452
9088
9088
9395
9395
7663
7663
9382
9382
9236
9236
9143
9143
9197
9197
7442
7442
9828
9828
9307
9307
9528
9528
12494
12494
10800
10800
13629
13629
10677
10677
12264
12264
12676
12676
13002
13002
10461
10461
10647
10647
11158
11158
10964
10964
12687
12687
12508
12508
13240
13240
10497
10497
12861
12861
12874
12874
13424
13424
13871
13871
12579
12579
12678
12678
12604
12604
12945
12945
12884
12884
12860
12860
12616
12616
12174
12174
13682
13682
11674
11674
13542
13542
14076
14076
11156
11156
12035
12035
11691
11691
9804
9804
11090
11090
11282
11282
12162
12162
11236
11236
10737
10737
10774
10774
11285
11285
11658
11658
8295
8295
10830
10830
11094
11094
11498
11498
11971
11971
8465
8465
11207
11207
11352
11352
10890
10890
11737
11737
9417
9417
12048
12048
8994
8994
10534
10534
10849
10849
10471
10471
8447
8447
8665
8665
9710
9710
8820
8820
10563
10563
11347
11347
11250
11250
8426
8426
11018
11018
10940
10940
11373
11373
11316
11316
11191
11191
10649
10649
11835
11835
10924
10924
10800
10800
11396
11396
10194
10194
11379
11379
11219
11219
10619
10619
9023
9023
10767
10767
10451
10451
10936
10936
11305
11305
10613
10613
8626
8626
10892
10892
11304
11304
11261
11261
10707
10707
11274
11274
11265
11265
11815
11815
11122
11122
9636
9636
11318
11318
10677
10677
10799
10799
10670
10670
9228
9228
11010
11010
11808
11808
10208
10208
9229
9229
12283
12283
9024
9024
11755
11755
11585
11585
11745
11745
9436
9436
9496
9496
11721
11721
9812
9812
10305
10305
14949
14949
14713
14713
14706
14706
10644
10644
13803
13803
14625
14625
15007
15007
14433
14433
14084
14084
13111
13111
13934
13934
13759
13759
13430
13430
13611
13611
14445
14445
13824
13824
13879
13879
10067
10067
13719
13719
13323
13323
14178
14178
13835
13835
14322
14322
11201
11201
13534
13534
14709
14709
13388
13388
13544
13544
14316
14316
13394
13394
13878
13878
11285
11285
9888
9888
9844
9844
10146
10146
9625
9625
9816
9816
10271
10271
9564
9564
9788
9788
9918
9918
9735
9735
9655
9655
9622
9622
9758
9758
9144
9144
10494
10494
9594
9594
9619
9619
9416
9416
9620
9620
12997
12997
13121
13121
11884
11884
12315
12315
10331
10331
11710
11710
13055
13055
12683
12683
12528
12528
13121
13121
11602
11602
12730
12730
13170
13170
12508
12508
11199
11199
10936
10936
12527
12527
13202
13202
12763
12763
11968
11968
12047
12047
9419
9419
8741
8741
9063
9063
10439
10439
12082
12082
12191
12191
12133
12133
12726
12726
11145
11145
10822
10822
9606
9606
9246
9246
8392
8392
8224
8224
10788
10788
11376
11376
9318
9318
10233
10233
9511
9511
10673
10673
10403
10403
10360
10360
9461
9461
9828
9828
10343
10343
8975
8975
11706
11706
9821
9821
9615
9615
10596
10596
11462
11462
11075
11075
12823
12823
9156
9156
8829
8829
9029
9029
11391
11391
11592
11592
9260
9260
10641
10641
11297
11297
9607
9607
11381
11381
11255
11255
11883
11883
10431
10431
12435
12435
11417
11417
10624
10624
9227
9227
11895
11895
10901
10901
10749
10749
10601
10601
10101
10101
9487
9487
11519
11519
10208
10208
11190
11190
10806
10806
12489
12489
12065
12065
12455
12455
10382
10382
12290
12290
11950
11950
12823
12823
12256
12256
11070
11070
8280
8280
10184
10184
9805
9805
9153
9153
8812
8812
10723
10723
8743
8743
9701
9701
10467
10467
11037
11037
10336
10336
8506
8506
9443
9443
9382
9382
8548
8548
10578
10578
10728
10728
10795
10795
8890
8890
10118
10118
10504
10504
11892
11892
10540
10540
10738
10738
10666
10666
12890
12890
10955
10955
10799
10799
10141
10141
10431
10431
10679
10679
11378
11378
10022
10022
10581
10581
11341
11341
11029
11029
11156
11156
11294
11294
9610
9610
11890
11890
10290
10290
10444
10444
11434
11434
10151
10151
9948
9948
11613
11613
9928
9928
8659
8659
10186
10186
10489
10489
10914
10914
9905
9905
8076
8076
10201
10201
10193
10193
9463
9463
8369
8369
9386
9386
10593
10593
7161
7161
9819
9819
9679
9679
10319
10319
7733
7733
7612
7612
7074
7074
8068
8068
9783
9783
9727
9727
9696
9696
8800
8800
9319
9319
10172
10172
9875
9875
10164
10164
10348
10348
9929
9929
8848
8848
10326
10326
9621
9621
9175
9175
9445
9445
9044
9044
10051
10051
9523
9523
8050
8050
9658
9658
9866
9866
9501
9501
9232
9232
8229
8229
9485
9485
9700
9700
10104
10104
9434
9434
9922
9922
9642
9642
8905
8905
9789
9789
7092
7092
9592
9592
9316
9316
9202
9202
9423
9423
7953
7953
10292
10292
9823
9823
9956
9956
9459
9459
7601
7601
9825
9825
7756
7756
9172
9172
10607
10607
10030
10030
8180
8180
7922
7922
7888
7888
6784
6784
9508
9508
8963
8963
9537
9537
8636
8636
7183
7183
9343
9343
7816
7816
9812
9812
8886
8886
9427
9427
8470
8470
9255
9255
8271
8271
9190
9190
8611
8611
9177
9177
8940
8940
8760
8760
6436
6436
9047
9047
8410
8410
8072
8072
8049
8049
6796
6796
8734
8734
8344
8344
7933
7933
8790
8790
8098
8098
8169
8169
7956
7956
7554
7554
6399
6399
8452
8452
8835
8835
7662
7662
7976
7976
6420
6420
7452
7452
7895
7895
8630
8630
7548
7548
8562
8562
5698
5698
6342
6342
7560
7560
7551
7551
7634
7634
5521
5521
6843
6843
6406
6406
6174
6174
8165
8165
7700
7700
7471
7471
7532
7532
5773
5773
7154
7154
6543
6543
8187
8187
6705
6705
7142
7142
7541
7541
6947
6947
6987
6987
6718
6718
7111
7111
6774
6774
6604
6604
6771
6771
5307
5307
6682
6682
6359
6359
6551
6551
6622
6622
6375
6375
5332
5332
6958
6958
6808
6808
6461
6461
6506
6506
5960
5960
5724
5724
6199
6199
4853
4853
5850
5850
5454
5454
6129
6129
5276
5276
5784
5784
4948
4948
5671
5671
6008
6008
6300
6300
5956
5956
6526
6526
4508
4508
5806
5806
5851
5851
5224
5224
5426
5426
4592
4592
4407
4407
4413
4413
4531
4531
4877
4877
4555
4555
5180
5180
5062
5062
3801
3801
4242
4242
5344
5344
5273
5273
5332
5332
5037
5037
5390
5390
5573
5573
4802
4802
5157
5157
5332
5332
5065
5065
5233
5233
5456
5456
5315
5315
5169
5169
5567
5567
5552
5552
4788
4788
5299
5299
5361
5361
5356
5356
4929
4929
5214
5214
4849
4849
4910
4910
4873
4873
5144
5144
3660
3660
4784
4784
4458
4458
4290
4290
3451
3451
4738
4738
4281
4281
4466
4466
4451
4451
4520
4520
4331
4331
4593
4593
3086
3086
4190
4190
4039
4039
4294
4294
3223
3223
3141
3141
3774
3774
3948
3948
2935
2935
2906
2906
3725
3725
3316
3316
3592
3592
3380
3380
3009
3009
3356
3356
3192
3192
2864
2864
3115
3115
3075
3075
3427
3427
2418
2418
3125
3125
3057
3057
2737
2737
2829
2829
2162
2162
2809
2809
2538
2538
2910
2910
2097
2097
2103
2103
2773
2773
2576
2576
2839
2839
1964
1964
2830
2830
2641
2641
2542
2542
2347
2347
1939
1939
2446
2446
2243
2243
2245
2245
1778
1778
2323
2323
2062
2062
2166
2166
2159
2159
1995
1995
2199
2199
2017
2017
1817
1817
1943
1943
2018
2018
1992
1992
1654
1654
1598
1598
1772
1772
1903
1903
1341
1341
1612
1612
1816
1816
1746
1746
1691
1691
1682
1682
1610
1610
1892
1892
1716
1716
1551
1551
1818
1818
1827
1827
1878
1878
1574
1574
1935
1935
1878
1878
1865
1865
1791
1791
1243
1243
1522
1522
1613
1613
1452
1452
1222
1222
1204
1204
1457
1457
1406
1406
1128
1128
886
886
1292
1292
1307
1307
1251
1251
1223
1223
865
865
1101
1101
988
988
966
966
795
795
916
916
886
886
741
741
606
606
662
662
671
671
390
390
395
395
334
334
354
354
405
405
373
373
310
310
404
404
444
444
307
307
281
281
355
355
305
305
312
312
236
236
254
254
243
243
88
88
113
113
123
123
124
124
125
125
90
90
68
68
63
63
48
48
46
46
47
47
68
68
37
37
31
31
41
41
47
47
24
24
23
23
20
20
7
7
9
9
8
8
7
7
3
3
2
2
2
2
0
0
3
3
0
0
0
0
3
3
1
1
2
2
0
0
0
0
0
0
0
0
0
0
0
0
0
0
0
0
0
0
0
0
0
0
0
0
0
0
0
0
0
0
0
0
0
0
0
0
0
0
0
0
0
0
0
0
0
0
0
0
0
0
0
0
0
0
0
0
0
0
0
0
0
0
0
0
0
0
0
0
0
0
0
0
0
0
0
0
0
0
0
0
0
0
0
0
0
0
0
0
0
0
0
0
0
0
0
0
0
0
0
0
0
0
0
0
0
0
0
0
0
0
0
0
0
0
0
0
0
0
0
0
0
0
0
0
0
0
0
0
0
0
0
0
0
0
0
0
0
0
0
0
0
0
0
0
0
0
0
0
0
0
0
0
0
0
0
0
0
0
0
0
0
0
0
0
0
0
0
0
0
0
0
0
0
0
0
0
0
0
0
0
0
0
0
0
0
0
0
0
0
0
0
0
0
0
0
0
0
0
0
0
0
0
0
0
0
0
0
0
0
0
0
0
0
0
0
0
0
0
0
0
0
0
0
0
0
0
0
0
0
0
0
0
0
0
0
0
0
0
0
0
0
0
0
0
