0
0
0
0
0
0
0
0
0
0
0
0
0
0
0
0
0
0
0
0
0
0
0
0
0
0
0
0
0
0
0
0
0
0
0
0
0
0
0
0
0
0
0
0
0
0
0
0
0
0
0
0
0
0
0
0
0
0
0
0
0
0
0
0
0
0
0
0
0
0
0
0
0
0
0
0
0
0
0
0
0
0
0
0
0
0
0
0
0
0
0
0
0
0
0
0
0
0
0
0
0
0
0
0
0
0
0
0
0
0
0
0
0
0
0
0
0
0
0
0
0
0
0
0
0
0
0
0
0
0
0
0
0
0
0
0
0
0
0
0
0
0
0
0
0
0
0
0
0
0
0
0
20
25
0
0
0
0
0
0
0
0
0
0
0
0
0
0
0
0
0
0
0
0
0
0
0
0
0
0
0
0
0
0
0
0
0
0
0
0
0
0
0
0
0
0
0
0
0
0
0
0
0
0
0
0
0
0
0
0
0
0
0
0
0
0
0
0
0
0
0
0
0
0
0
0
0
0
0
0
0
0
0
0
0
0
0
0
0
0
0
0
0
0
0
0
0
0
0
0
0
0
0
0
0
0
0
0
0
0
0
0
0
0
0
0
0
0
0
0
0
0
0
0
0
0
0
0
0
0
0
0
0
0
0
0
0
0
0
0
0
0
0
0
0
0
0
0
0
0
0
0
0
0
0
0
0
0
0
0
0
0
0
0
0
0
0
0
0
0
0
0
0
0
0
0
0
0
0
0
0
0
0
0
0
0
0
0
0
0
0
0
0
0
0
0
0
0
0
0
0
0
0
0
0
0
0
0
0
0
0
0
0
0
0
0
0
0
0
0
0
0
0
0
0
0
0
0
0
0
0
0
0
0
0
0
0
0
0
0
0
0
0
0
0
0
0
0
0
0
0
0
0
0
0
0
0
0
0
0
0
0
0
0
30
20
55
51
408
390
130
160
93
108
48
64
46
54
28
28
33
28
26
19
27
29
25
25
18
21
16
23
19
20
14
19
0
0
0
0
0
0
0
0
0
0
0
0
0
0
0
0
0
0
0
0
0
0
0
0
0
0
0
0
0
0
0
0
0
0
0
0
0
0
0
0
0
0
0
0
0
0
0
0
0
0
0
0
0
0
0
0
0
0
0
0
0
0
0
0
0
0
0
0
0
0
0
0
0
0
0
0
0
0
0
0
0
0
0
0
0
0
0
0
0
0
0
0
0
0
0
0
0
0
0
0
0
0
0
0
0
0
0
0
0
0
0
0
0
0
0
0
0
0
0
0
0
0
0
0
0
0
0
0
0
0
0
0
0
0
0
0
0
0
0
0
0
0
0
0
15
13
0
0
0
0
0
0
0
0
0
0
0
0
0
0
0
0
0
0
0
0
34
22
145
134
54
58
31
25
20
36
30
26
0
0
0
0
0
0
0
0
0
0
0
0
0
0
0
0
0
0
0
0
0
0
0
0
0
0
0
0
0
0
0
0
0
0
0
0
0
0
0
0
0
0
0
0
0
0
0
0
0
0
0
0
0
0
0
0
0
0
0
0
0
0
0
0
0
0
0
0
0
0
0
0
0
0
0
0
0
0
0
0
0
0
0
0
0
0
0
0
0
0
0
0
0
0
0
0
0
0
0
0
0
0
0
0
0
0
0
0
0
0
0
0
0
0
0
0
0
0
0
0
0
0
0
0
0
0
0
0
0
0
0
0
0
0
0
0
0
0
0
0
0
0
0
0
0
0
14
14
0
0
0
0
0
0
0
0
0
0
0
0
0
0
0
0
0
0
0
0
0
0
0
0
0
0
0
0
0
0
0
0
0
0
0
0
0
0
0
0
0
0
0
0
0
0
0
0
0
0
0
0
0
0
0
0
0
0
0
0
0
0
0
0
0
0
0
0
0
0
0
0
0
0
0
0
0
0
0
0
0
0
0
0
0
0
0
0
0
0
0
0
0
0
0
0
0
0
0
0
0
0
0
0
0
0
0
0
0
0
0
0
0
0
0
0
0
0
0
0
0
0
0
0
0
0
0
0
0
0
0
0
0
0
0
0
0
0
0
0
0
0
0
0
0
0
0
0
0
0
0
0
0
0
0
0
0
0
0
0
0
0
0
0
0
0
0
0
0
0
0
0
0
0
0
0
0
0
0
0
0
0
0
0
0
0
0
0
0
0
0
0
0
0
0
0
0
0
0
0
0
0
0
0
0
0
0
0
0
0
0
0
0
0
0
0
0
0
0
0
0
0
0
0
0
0
0
0
0
0
0
0
0
0
0
0
0
0
0
0
0
0
0
0
0
0
0
0
0
0
0
0
0
0
0
0
0
0
0
0
0
0
0
0
0
0
0
0
0
0
0
0
0
0
0
0
0
0
0
0
0
0
0
0
0
0
0
0
0
0
0
0
0
0
0
0
0
0
0
0
0
0
0
0
0
0
0
0
0
0
0
0
0
0
0
0
0
0
0
0
0
0
0
0
0
0
0
0
0
0
0
0
0
0
0
0
0
0
0
0
0
0
0
0
0
0
0
0
0
0
0
0
0
0
0
0
0
0
0
0
0
0
0
0
0
0
0
0
0
0
0
0
0
0
0
0
0
0
0
0
0
0
0
0
0
0
0
0
0
0
0
0
0
0
0
0
0
0
0
0
0
0
0
0
0
0
0
0
0
0
0
0
0
0
0
0
0
0
0
0
0
0
0
0
0
0
0
0
0
0
0
0
0
0
0
0
0
0
0
0
0
0
0
0
0
0
0
0
0
0
0
0
0
0
0
0
0
0
0
0
0
0
0
0
0
0
0
0
0
0
0
0
0
0
0
0
0
0
0
0
0
0
0
0
0
0
0
0
0
0
0
0
0
0
0
0
0
0
0
0
0
0
0
0
0
0
0
0
0
0
0
0
0
0
0
0
0
0
0
0
0
0
0
0
0
0
0
0
0
0
0
0
0
0
0
0
0
0
0
0
0
0
0
0
0
0
0
0
0
0
0
0
0
0
0
0
0
0
0
0
0
0
0
0
0
0
0
0
0
0
0
0
0
0
0
0
0
0
0
0
0
0
0
0
0
0
0
0
0
0
0
0
0
0
0
0
0
0
0
0
0
0
0
0
0
0
0
0
0
0
0
0
0
0
0
0
0
0
0
0
0
0
0
0
0
0
0
0
0
0
0
0
0
0
0
0
0
0
0
0
0
0
0
0
0
0
0
0
0
0
0
0
0
0
0
0
0
0
0
0
0
0
0
0
0
0
0
0
0
0
0
0
0
0
0
0
0
0
0
0
0
0
0
0
0
0
0
0
0
0
0
0
0
0
0
0
0
0
0
0
0
0
0
0
0
0
0
0
0
0
0
0
0
0
0
0
0
0
0
0
0
0
0
0
0
0
0
0
0
0
0
0
0
0
0
0
0
0
0
0
0
0
0
0
0
0
0
0
0
0
0
0
10
7
0
0
0
0
0
0
0
0
0
0
18
21
11
9
0
0
0
0
0
0
0
0
0
0
0
0
0
0
0
0
0
0
0
0
0
0
0
0
0
0
0
0
0
0
0
0
0
0
0
0
0
0
0
0
0
0
0
0
0
0
0
0
0
0
0
0
0
0
0
0
0
0
0
0
0
0
0
0
0
0
0
0
0
0
0
0
0
0
0
0
0
0
0
0
0
0
0
0
0
0
0
0
0
0
0
0
0
0
0
0
0
0
0
0
0
0
0
0
0
0
0
0
0
0
0
0
0
0
0
0
0
0
0
0
0
0
0
0
0
0
0
0
0
0
0
0
0
0
0
0
0
0
0
0
0
0
0
0
0
0
0
0
0
0
0
0
0
0
0
0
0
0
0
0
0
0
0
0
0
0
0
0
0
0
0
0
0
0
0
0
0
0
0
0
0
0
0
0
0
0
0
0
0
0
0
0
0
0
0
0
0
0
0
0
0
0
0
0
0
0
0
0
0
0
0
0
0
0
0
0
0
0
0
0
0
0
0
0
0
0
0
0
0
0
0
0
0
0
0
0
0
0
0
0
0
0
0
0
0
0
0
0
0
0
0
0
0
0
0
0
0
0
0
0
0
0
0
0
0
0
0
0
0
0
0
0
0
0
0
0
0
0
0
0
0
0
0
0
0
0
0
0
0
0
0
0
0
0
0
0
0
0
0
0
0
0
0
0
0
0
0
0
0
0
0
0
0
0
0
0
0
0
0
0
0
0
0
0
0
0
0
0
0
0
0
0
0
0
0
0
0
0
0
0
0
0
0
0
0
0
0
0
0
0
0
0
0
0
0
0
0
0
0
0
0
0
0
0
0
0
0
0
0
0
0
0
0
0
0
0
0
0
0
0
0
0
0
0
0
0
0
0
0
0
0
0
0
0
0
0
17
14
0
0
0
0
0
0
0
0
0
0
0
0
0
0
0
0
0
0
0
0
0
0
0
0
0
0
0
0
0
0
0
0
0
0
0
0
0
0
0
0
0
0
0
0
0
0
0
0
0
0
0
0
0
0
0
0
0
0
0
0
0
0
0
0
0
0
0
0
0
0
0
0
0
0
0
0
0
0
8
6
0
0
0
0
0
0
0
0
0
0
0
0
0
0
0
0
0
0
12
15
11
7
12
12
26
26
41
25
35
26
24
22
61
59
94
83
38
54
36
31
28
25
26
28
20
25
20
18
20
18
18
14
27
29
30
26
35
21
0
0
0
0
24
32
31
25
26
30
20
36
28
28
0
0
0
0
0
0
0
0
0
0
0
0
0
0
0
0
0
0
0
0
0
0
0
0
0
0
0
0
0
0
0
0
0
0
0
0
0
0
0
0
14
13
24
23
20
13
26
13
21
22
9
19
12
12
18
14
10
18
21
25
51
45
68
56
40
35
37
19
17
22
19
13
31
29
24
18
15
14
21
11
13
19
21
10
16
11
20
15
24
23
9
18
18
17
35
24
23
19
21
17
20
16
11
14
17
16
25
28
22
25
17
16
21
10
18
15
18
10
16
12
29
49
30
29
15
18
15
13
11
22
17
16
87
86
107
116
63
71
51
58
117
95
114
92
82
74
60
71
71
71
55
54
44
51
39
39
54
30
37
47
38
37
31
39
49
46
44
31
29
27
37
24
23
27
33
23
36
20
21
32
36
42
172
166
147
149
131
115
84
81
61
48
65
41
42
47
37
41
31
36
31
36
37
41
51
52
62
50
52
54
54
46
39
36
28
33
31
28
29
30
35
25
26
31
20
25
33
35
41
39
43
25
37
27
25
31
29
25
15
32
29
20
19
28
28
19
15
30
25
24
19
20
22
30
24
28
29
31
33
35
30
26
32
34
28
24
19
21
22
20
26
19
16
26
20
19
20
15
15
25
30
19
22
32
25
29
29
30
37
49
43
35
23
27
27
13
25
24
22
18
40
26
36
16
22
27
27
18
24
25
21
19
22
25
29
13
18
21
22
20
23
19
19
19
21
19
23
24
24
25
24
29
28
26
30
36
18
25
23
27
21
22
17
18
23
20
36
38
23
41
17
22
24
26
28
25
15
31
29
21
15
24
22
17
19
19
18
25
20
23
19
21
21
18
19
23
20
19
20
15
21
17
20
23
18
24
19
23
21
19
19
17
12
21
16
15
24
15
25
21
28
14
20
20
21
21
14
17
19
21
26
27
25
22
22
20
20
15
22
11
21
15
21
18
18
18
22
13
11
22
31
30
49
47
46
59
36
42
29
24
28
31
29
34
16
29
18
35
34
30
27
29
22
24
24
19
20
20
21
25
27
19
25
21
33
19
35
32
35
26
21
25
20
33
23
26
19
21
23
20
24
21
15
24
27
13
19
19
17
19
14
24
22
24
26
26
34
44
35
36
31
21
33
23
29
24
30
24
24
23
39
42
34
27
30
23
26
23
18
27
28
24
24
22
26
19
20
30
27
26
33
23
22
25
24
29
22
20
31
25
28
25
20
27
20
22
18
27
17
19
14
22
16
23
22
14
24
18
12
19
21
15
15
21
21
29
30
40
28
25
30
43
31
22
23
19
19
26
19
20
23
16
18
15
24
12
19
9
13
9
14
19
24
14
21
15
16
17
26
24
27
23
24
26
21
33
21
22
20
19
25
20
27
23
22
23
16
16
18
21
20
16
29
34
23
27
21
28
32
17
20
15
18
14
27
19
24
23
27
23
28
26
24
26
18
20
19
23
23
33
23
33
21
26
23
22
24
28
26
19
16
19
20
25
21
26
27
23
16
29
18
22
13
18
24
22
24
22
24
25
43
30
29
39
22
34
23
19
24
22
20
29
26
23
30
27
24
22
23
22
15
20
25
27
36
34
43
34
41
43
44
29
33
45
28
33
39
50
50
39
34
39
33
28
40
33
35
21
22
23
25
31
37
30
30
37
26
30
35
32
40
33
31
19
25
25
35
26
43
30
27
34
25
25
23
22
18
21
22
28
25
36
40
33
32
29
27
29
30
31
24
33
27
37
47
37
38
36
32
42
31
37
38
35
43
45
63
78
71
60
50
55
48
45
53
40
52
51
47
45
46
47
44
48
42
42
32
46
44
42
42
36
37
29
39
32
32
32
27
29
34
34
36
34
38
39
33
47
42
38
48
34
47
59
51
55
92
75
445
431
266
275
270
310
255
297
377
337
372
370
257
240
173
206
146
144
135
144
139
162
126
142
143
136
102
116
106
106
109
109
127
130
124
99
175
137
120
126
133
96
134
106
114
126
369
384
246
267
240
279
255
247
251
234
297
317
267
302
285
306
337
333
509
495
552
497
391
357
274
340
299
270
435
413
377
348
328
314
417
448
275
294
242
271
234
251
233
247
195
251
284
257
453
462
323
341
355
359
280
261
299
292
276
293
337
327
383
404
264
283
264
233
229
245
228
263
248
232
307
268
370
355
228
207
184
201
197
166
203
188
179
161
163
166
205
180
142
154
177
175
181
182
140
178
158
160
315
321
393
388
255
281
273
263
198
221
198
176
157
161
177
175
185
155
161
146
163
161
141
166
147
143
135
127
135
141
128
134
135
138
141
116
102
127
120
120
112
103
96
113
93
113
103
103
104
100
129
122
153
134
140
147
154
131
147
160
193
172
168
131
154
147
134
137
151
122
170
168
211
182
143
147
108
121
106
95
126
117
115
114
141
130
138
127
116
138
105
118
111
112
114
123
110
124
124
144
222
250
157
169
141
166
167
145
149
144
151
125
137
134
156
179
168
181
157
147
129
139
139
137
160
169
148
159
172
180
145
120
129
125
134
120
114
132
130
110
117
115
114
115
96
102
113
124
118
122
154
153
145
145
224
245
576
585
336
362
280
272
264
244
250
258
198
187
188
186
189
179
191
188
202
177
150
146
157
161
148
148
160
158
159
170
187
165
171
158
142
170
138
124
134
139
131
159
138
158
131
137
144
129
148
120
123
134
135
127
110
147
99
144
123
109
115
111
98
108
125
95
114
106
118
116
182
161
206
243
175
143
113
133
121
119
207
178
186
199
155
163
139
154
125
123
124
108
123
103
118
114
132
136
135
130
221
203
198
190
155
188
171
161
157
155
141
135
140
139
176
192
181
182
169
180
152
155
174
147
158
163
157
164
145
148
166
155
135
116
129
94
143
150
137
128
135
144
141
110
157
122
152
155
193
184
182
167
186
191
242
232
241
219
440
425
614
628
293
293
274
256
463
472
353
358
567
521
1105
1113
569
561
404
391
325
328
322
303
327
371
536
524
555
544
374
385
338
343
378
370
399
371
437
406
383
387
380
390
336
289
343
315
315
327
331
327
325
345
340
374
355
343
280
284
269
283
294
286
265
310
315
327
321
326
380
379
669
665
370
394
352
357
326
332
349
390
411
370
459
462
378
333
384
383
483
424
472
505
702
637
553
535
543
489
497
480
420
473
520
429
470
493
541
533
778
757
626
671
582
562
605
567
606
622
634
649
650
647
647
636
729
680
644
612
604
596
769
793
907
879
1049
988
1360
1360
890
965
783
779
804
870
1108
1124
1656
1692
3794
3683
1826
1857
1236
1275
950
1003
750
757
677
718
583
589
458
491
411
370
353
372
322
348
343
327
382
399
321
349
338
332
258
300
270
288
281
221
252
250
254
248
233
213
204
242
218
228
172
163
164
171
156
179
207
189
205
191
202
200
203
188
222
241
194
191
186
193
229
229
213
194
185
155
170
187
160
147
117
145
129
144
151
139
140
156
148
137
165
164
144
146
124
127
105
113
112
117
219
222
226
220
155
163
125
137
129
133
118
133
136
132
118
116
101
139
124
127
128
123
108
115
133
146
183
152
194
169
191
200
215
231
236
210
165
170
161
174
203
188
217
229
265
237
287
327
320
322
343
382
446
419
617
639
2163
2189
1730
1674
888
898
639
644
514
490
456
409
406
403
386
339
303
339
328
342
308
306
287
271
278
258
283
253
233
258
239
246
258
250
239
246
192
187
171
181
200
219
296
273
236
222
232
187
185
183
162
139
174
155
159
170
218
161
245
240
248
265
231
227
189
179
161
179
183
180
214
238
426
389
284
268
227
253
212
218
178
193
200
174
203
188
197
216
199
217
194
191
152
160
168
136
189
174
183
185
171
175
160
164
124
172
0
0
0
0
0
0
0
0
0
0
0
0
0
0
0
0
0
0
0
0
0
0
0
0
0
0
0
0
0
0
0
0
0
0
0
0
303
255
269
289
258
244
252
250
245
257
223
223
233
213
227
219
178
157
170
165
155
180
185
211
188
208
214
188
216
175
235
228
188
197
180
199
255
203
201
206
179
161
181
176
136
171
128
134
116
157
139
151
150
146
144
141
151
178
144
146
125
126
89
129
110
119
216
225
230
216
142
176
134
128
139
123
129
122
141
127
96
138
122
118
127
124
119
132
112
111
143
136
177
158
171
192
208
183
227
219
217
229
154
181
176
159
216
175
237
209
257
245
326
288
302
340
380
345
411
454
635
621
2145
2207
1672
1732
884
902
634
649
523
481
427
438
401
408
368
357
324
318
327
343
277
337
293
265
270
266
269
267
238
253
228
257
247
261
256
229
190
189
167
185
202
217
273
296
218
240
192
227
214
154
139
162
153
176
165
164
179
200
267
218
250
263
234
224
191
177
156
184
171
192
232
220
382
433
285
267
238
242
214
216
189
182
204
170
201
190
218
195
196
220
202
183
155
157
167
137
180
183
199
169
174
172
163
161
143
153
0
0
0
0
0
0
0
0
0
0
0
0
0
0
0
0
0
0
0
0
0
0
0
0
0
0
0
0
0
0
0
0
0
0
